#module 0 size: 6 bs: 0.00495376
95 397 1179 1369 1588 1606 
#module 1 size: 26 bs: 0.00262113
195 202 203 249 250 255 256 261 262 265 266 273 326 333 334 385 386 393 394 498 499 503 504 516 1568 1768 
#module 2 size: 4 bs: 2.2201e-05
2 1084 1248 1522 
#module 3 size: 6 bs: 4.39133e-05
82 88 92 2118 2122 2124 
#module 4 size: 7 bs: 2.90164e-05
8 759 1097 1258 1529 1866 2004 
#module 5 size: 8 bs: 4.53957e-07
67 251 387 828 1145 1317 1578 2086 
#module 6 size: 20 bs: 3.63167e-06
98 102 106 110 114 118 122 1182 1372 1376 1380 1384 1388 1392 1396 1400 1591 1595 1599 1603 
#module 7 size: 10 bs: 1.01912e-101
125 263 500 640 860 1185 1427 1610 1806 2128 
#module 8 size: 11 bs: 1.34307e-102
131 275 518 649 866 1191 1433 1616 1813 1903 2134 
#module 9 size: 4 bs: 4.11837e-101
267 505 646 1809 
#module 10 size: 29 bs: 0.000348464
414 416 418 420 423 425 427 429 431 433 435 437 439 441 446 448 450 453 456 458 463 464 465 467 468 469 473 492 496 
#module 11 size: 3 bs: 0.0173917
1081 1519 1858 
#module 12 size: 7 bs: 6.7606e-101
1404 1408 1412 1416 1420 1424 1607 
#module 13 size: 4 bs: 0.00186093
90 845 1785 1789 
#module 14 size: 14 bs: 7.74403e-12
743 753 767 778 796 805 814 822 1352 2013 2027 2042 2053 2073 
#module 15 size: 12 bs: 0.000360904
3 191 323 585 744 755 757 1085 1249 1255 1523 2002 
#module 16 size: 103 bs: 0.000311553
11 25 29 30 34 57 84 135 270 289 290 304 315 319 321 409 415 432 436 445 452 460 461 462 474 521 533 562 570 595 626 628 630 634 647 659 769 789 798 807 820 824 854 899 909 913 918 928 943 958 978 983 988 1013 1053 1082 1112 1119 1128 1177 1200 1203 1293 1305 1325 1327 1351 1357 1359 1360 1415 1435 1516 1546 1623 1665 1680 1719 1727 1732 1863 1871 1987 2016 2023 2029 2030 2032 2034 2182 2192 2197 2212 2217 2257 2262 2272 2302 2342 2352 2357 2362 2382 
#module 17 size: 6 bs: 0.0188449
139 1079 1458 1464 1517 1935 
#module 18 size: 29 bs: 0.00405685
24 26 36 44 46 51 53 56 75 91 206 210 214 215 219 221 224 228 232 236 242 246 449 457 780 865 1245 1335 2133 
#module 19 size: 105 bs: 0.772486
81 506 507 508 512 531 557 561 699 746 750 868 873 878 883 888 893 898 903 908 912 917 922 927 932 937 942 947 952 957 962 967 972 977 982 987 992 997 1002 1007 1012 1017 1022 1027 1032 1036 1041 1046 1051 1055 1060 1065 1075 1330 1331 1395 1781 1807 1929 1950 1998 2136 2141 2146 2151 2156 2161 2166 2181 2186 2191 2196 2201 2206 2211 2216 2221 2226 2231 2236 2241 2246 2251 2256 2261 2266 2271 2281 2286 2291 2301 2306 2311 2316 2321 2326 2331 2336 2346 2351 2356 2361 2366 2376 2381 
#module 20 size: 5 bs: 0.177885
193 257 260 395 1090 
#module 21 size: 14 bs: 0.11644
17 204 240 335 764 864 1092 1103 1148 1173 1269 1545 2010 2167 
#module 22 size: 5 bs: 0.136073
734 850 1162 1176 1348 
#module 23 size: 6 bs: 0.310405
272 513 514 1080 1518 1857 
#module 24 size: 99 bs: 0.826406
742 752 870 875 880 885 890 895 900 905 910 914 919 924 929 934 939 944 949 954 959 964 969 974 979 982 984 989 994 999 1004 1009 1014 1019 1024 1029 1034 1038 1043 1048 1057 1062 1067 1072 1077 1349 1867 2129 2138 2143 2148 2153 2158 2163 2168 2173 2178 2183 2188 2193 2198 2203 2208 2213 2218 2223 2228 2233 2238 2243 2248 2253 2258 2263 2268 2271 2273 2278 2283 2288 2293 2298 2303 2308 2313 2318 2323 2328 2333 2338 2343 2348 2353 2358 2363 2368 2373 2378 2383 
#module 25 size: 442 bs: 0.430465
0 1 3 6 14 50 51 52 53 58 64 65 69 71 76 77 79 80 86 88 91 105 109 117 136 137 142 152 158 162 164 190 192 211 212 259 260 269 279 281 300 306 307 310 311 313 318 320 322 324 336 341 349 359 366 383 396 398 401 405 410 412 413 419 421 422 424 426 428 454 459 466 472 475 476 479 483 487 489 494 497 502 510 519 522 524 528 532 534 538 539 540 541 546 548 550 552 554 556 564 565 588 593 594 607 610 623 629 641 662 666 669 673 691 697 721 722 771 772 773 774 775 781 784 793 799 800 801 803 810 818 826 832 834 836 839 841 842 843 844 845 847 852 858 859 861 872 874 884 904 931 933 936 946 953 963 991 998 1001 1028 1031 1033 1037 1042 1066 1071 1083 1085 1091 1093 1095 1098 1100 1101 1113 1114 1120 1123 1124 1125 1129 1130 1133 1135 1138 1139 1143 1146 1150 1151 1152 1154 1156 1158 1159 1160 1161 1165 1166 1167 1168 1171 1173 1174 1175 1181 1192 1197 1199 1201 1202 1215 1222 1235 1247 1249 1259 1260 1262 1275 1279 1283 1285 1295 1296 1299 1301 1308 1312 1315 1319 1320 1321 1332 1334 1336 1342 1343 1344 1345 1353 1356 1358 1361 1362 1364 1371 1379 1383 1391 1403 1407 1419 1423 1428 1431 1434 1436 1447 1449 1453 1454 1456 1461 1466 1468 1470 1473 1476 1479 1481 1487 1490 1498 1500 1506 1507 1520 1521 1523 1535 1537 1538 1542 1543 1562 1567 1571 1594 1598 1602 1611 1624 1626 1629 1637 1643 1644 1649 1667 1671 1678 1679 1687 1700 1703 1708 1726 1737 1738 1740 1744 1750 1760 1767 1778 1783 1784 1786 1790 1792 1796 1810 1814 1817 1823 1833 1835 1836 1837 1838 1839 1841 1843 1848 1851 1853 1860 1861 1862 1869 1872 1875 1876 1891 1892 1905 1906 1909 1911 1912 1914 1915 1924 1926 1936 1938 1939 1940 1947 1948 1951 1955 1956 1958 1963 1970 1972 1976 1978 1979 1993 1997 2003 2017 2018 2022 2025 2031 2033 2035 2039 2040 2045 2048 2050 2055 2057 2058 2060 2061 2062 2065 2066 2071 2075 2076 2077 2078 2079 2083 2085 2089 2090 2102 2103 2111 2112 2113 2114 2115 2117 2120 2121 2124 2125 2126 2132 2135 2137 2147 2162 2185 2190 2202 2215 2242 2247 2252 2280 2285 2297 2307 2315 2322 2337 2347 2350 2352 2360 2367 2380 
#module 26 size: 45 bs: 0.778193
18 25 45 49 61 147 183 290 293 367 399 447 455 544 553 555 561 583 587 611 634 745 749 776 807 816 847 968 988 1165 1167 1204 1289 1489 1493 1536 1802 1804 1900 1920 1952 2036 2044 2092 2332 
#module 27 size: 43 bs: 0.988458
5 10 19 62 63 120 196 213 327 337 340 350 357 490 491 493 590 598 602 632 633 862 1087 1088 1252 1273 1274 1287 1288 1347 1350 1402 1406 1410 1414 1418 1422 1526 1800 1801 1873 1874 2130 
#module 28 size: 32 bs: 0.650504
35 208 217 226 234 244 271 339 344 353 363 371 380 417 474 637 948 1003 1082 1489 1727 1732 1825 1860 1904 1985 2197 2202 2267 2317 2342 2357 
#module 29 size: 196 bs: 0.763879
20 21 27 28 32 33 37 38 41 42 47 48 54 55 59 60 96 100 104 108 112 116 247 272 337 342 346 348 351 355 358 360 361 365 368 369 373 375 377 378 382 384 430 434 451 605 606 747 766 768 777 779 782 785 786 787 788 790 791 797 802 804 806 809 811 813 815 819 821 823 827 856 857 869 923 1023 1106 1107 1109 1110 1111 1115 1116 1121 1122 1126 1127 1131 1132 1136 1137 1141 1142 1157 1164 1170 1172 1180 1264 1265 1271 1277 1278 1280 1281 1282 1284 1290 1291 1292 1294 1297 1298 1302 1303 1304 1306 1307 1309 1310 1311 1313 1314 1323 1324 1329 1346 1365 1370 1374 1378 1382 1386 1390 1394 1398 1547 1548 1549 1553 1554 1558 1559 1564 1565 1569 1570 1574 1575 1580 1589 1593 1597 1601 1697 1698 1705 1706 1717 1718 1730 1731 1735 1736 1746 1747 1755 1756 1777 1803 1999 2011 2012 2014 2020 2028 2038 2041 2043 2049 2051 2052 2054 2063 2074 2080 2082 2105 2106 2107 2108 2109 2110 2277 2287 2312 
#module 30 size: 174 bs: 0.580884
132 133 134 135 143 147 153 154 157 159 163 167 168 170 177 179 180 183 184 186 188 284 302 529 530 558 650 657 658 659 660 661 663 665 671 672 674 675 680 681 685 688 689 690 692 696 704 705 706 720 726 728 730 740 838 1018 1196 1200 1203 1204 1205 1207 1212 1219 1220 1221 1225 1226 1230 1233 1237 1239 1241 1242 1244 1435 1439 1442 1444 1445 1450 1452 1459 1463 1473 1482 1485 1486 1489 1493 1495 1499 1508 1509 1510 1511 1513 1514 1619 1620 1622 1623 1630 1631 1632 1634 1635 1640 1641 1645 1647 1648 1650 1651 1652 1656 1662 1665 1669 1670 1673 1675 1677 1818 1819 1821 1825 1826 1827 1828 1830 1831 1832 1842 1845 1846 1849 1850 1856 1904 1910 1917 1920 1923 1927 1931 1934 1937 1941 1943 1944 1945 1946 1952 1953 1954 1960 1961 1964 1966 1969 1974 1975 1980 1982 1984 1986 1987 1988 1989 1990 1994 1996 2101 
#module 31 size: 394 bs: 0.434884
138 140 141 143 144 145 146 148 149 155 160 167 169 171 172 173 174 175 176 178 181 182 184 187 276 277 282 286 291 293 294 295 296 297 298 299 300 301 303 305 308 312 314 316 317 329 330 331 332 374 376 388 389 391 392 402 403 404 406 407 408 478 480 481 484 485 486 488 537 545 547 549 555 559 563 565 566 572 574 575 577 578 580 581 600 620 625 627 631 635 636 651 652 653 654 655 664 667 668 670 678 679 682 683 684 686 687 693 694 695 698 700 701 702 703 707 708 709 710 711 712 713 716 717 718 719 723 724 727 729 731 732 733 734 736 737 738 739 741 754 760 761 762 763 770 792 794 795 831 833 840 849 851 853 855 867 877 882 887 892 897 902 907 911 916 921 926 941 951 956 961 962 966 971 976 981 986 996 1006 1011 1016 1021 1026 1035 1036 1040 1045 1050 1054 1059 1064 1069 1070 1074 1149 1194 1195 1198 1207 1208 1209 1210 1211 1213 1214 1217 1221 1223 1224 1227 1228 1229 1231 1232 1238 1240 1242 1243 1411 1440 1441 1446 1451 1452 1457 1459 1460 1462 1469 1471 1472 1477 1480 1484 1488 1491 1494 1497 1505 1508 1515 1533 1617 1618 1619 1622 1625 1627 1628 1632 1633 1634 1636 1638 1639 1642 1646 1651 1653 1655 1657 1658 1659 1660 1663 1664 1668 1670 1672 1674 1675 1676 1689 1690 1695 1712 1716 1720 1728 1729 1734 1753 1758 1764 1765 1766 1769 1775 1776 1780 1794 1815 1826 1832 1844 1852 1868 1877 1880 1881 1882 1885 1886 1887 1888 1889 1893 1894 1897 1898 1901 1907 1908 1916 1918 1919 1921 1927 1928 1932 1945 1965 1968 1969 1973 1983 1985 1989 2001 2005 2006 2007 2008 2021 2026 2064 2067 2068 2069 2070 2072 2095 2096 2097 2099 2104 2115 2127 2140 2145 2150 2155 2160 2165 2170 2171 2175 2176 2180 2195 2200 2205 2210 2220 2225 2230 2235 2240 2245 2250 2255 2260 2265 2270 2275 2276 2290 2295 2296 2300 2305 2310 2320 2325 2330 2335 2340 2341 2345 2355 2365 2370 2371 2375 
#module 32 size: 109 bs: 0.821185
6 65 81 87 91 109 117 156 209 218 227 235 245 259 280 305 345 354 364 366 372 381 405 445 460 478 482 515 547 569 581 607 608 615 629 660 661 676 726 732 771 773 775 836 844 849 851 853 1037 1095 1114 1120 1130 1135 1152 1158 1167 1173 1177 1260 1270 1320 1344 1345 1356 1358 1360 1364 1367 1371 1399 1434 1501 1539 1543 1585 1590 1594 1619 1631 1691 1713 1725 1759 1760 1794 1798 1847 1850 1869 1875 1879 1884 1891 1923 1943 1988 1991 2059 2064 2076 2080 2123 2125 2152 2222 2227 2252 2322 
#module 33 size: 605 bs: 1.04893
0 9 12 13 14 15 22 23 31 35 39 40 43 50 58 64 68 70 72 73 74 76 77 83 85 87 93 97 101 105 109 126 129 136 142 150 151 158 161 165 166 185 189 200 201 205 207 211 212 216 220 222 223 225 229 230 231 233 239 241 243 252 253 254 258 259 264 278 279 280 281 285 287 288 292 296 306 309 311 318 320 328 338 341 343 347 349 352 356 362 366 367 370 379 383 400 405 410 412 426 438 440 442 443 444 455 466 470 475 477 482 489 495 497 501 511 519 520 522 523 525 526 527 534 535 536 542 543 548 551 552 564 567 568 569 571 572 573 579 582 589 596 603 604 608 613 614 616 617 618 622 623 624 629 638 656 676 677 691 708 714 715 722 725 735 756 765 773 783 793 808 812 817 818 825 826 830 835 843 846 848 859 871 874 876 879 881 884 886 889 891 894 896 901 906 915 920 925 930 933 935 938 940 945 950 955 960 965 970 975 980 985 990 995 998 1000 1003 1005 1008 1010 1015 1020 1025 1030 1033 1037 1039 1044 1047 1049 1056 1058 1061 1063 1068 1071 1073 1076 1078 1089 1091 1093 1095 1098 1099 1100 1101 1104 1105 1108 1113 1114 1117 1118 1120 1125 1130 1133 1134 1135 1140 1143 1146 1147 1150 1151 1152 1154 1158 1160 1163 1169 1171 1173 1181 1186 1189 1193 1199 1206 1216 1218 1234 1236 1246 1250 1253 1256 1259 1261 1262 1263 1270 1275 1279 1283 1289 1295 1296 1299 1300 1301 1308 1315 1318 1319 1320 1321 1322 1326 1336 1340 1354 1363 1364 1366 1367 1371 1375 1379 1383 1387 1399 1419 1428 1431 1437 1438 1443 1448 1449 1454 1455 1461 1465 1467 1468 1474 1475 1476 1478 1481 1483 1492 1496 1500 1501 1502 1503 1504 1512 1520 1524 1531 1532 1539 1543 1551 1552 1555 1556 1557 1560 1561 1562 1566 1567 1572 1573 1576 1579 1581 1582 1583 1584 1585 1590 1594 1598 1602 1605 1614 1621 1627 1637 1654 1661 1666 1667 1681 1684 1688 1694 1696 1699 1700 1701 1702 1703 1704 1707 1708 1709 1710 1711 1713 1714 1715 1721 1722 1723 1724 1725 1733 1737 1739 1740 1741 1742 1743 1744 1745 1748 1749 1750 1751 1752 1754 1757 1759 1760 1763 1768 1770 1771 1772 1779 1782 1784 1786 1788 1793 1811 1814 1816 1820 1822 1824 1829 1833 1834 1836 1838 1840 1843 1851 1853 1854 1855 1864 1869 1875 1892 1896 1913 1914 1915 1922 1924 1925 1926 1930 1933 1939 1940 1942 1947 1949 1956 1957 1959 1962 1967 1971 1972 1974 1977 1978 1981 1991 1992 1993 1995 1997 2003 2009 2017 2019 2024 2031 2037 2039 2040 2045 2046 2047 2048 2055 2056 2057 2059 2061 2065 2066 2076 2078 2079 2081 2083 2084 2085 2088 2089 2090 2091 2093 2094 2098 2100 2113 2119 2120 2121 2123 2125 2137 2139 2142 2144 2147 2149 2152 2154 2157 2159 2162 2164 2169 2172 2174 2177 2179 2184 2187 2189 2194 2199 2204 2207 2209 2214 2219 2224 2229 2234 2237 2239 2244 2247 2249 2254 2259 2264 2269 2274 2279 2282 2284 2289 2292 2294 2299 2304 2307 2309 2314 2317 2319 2322 2324 2327 2329 2334 2339 2344 2347 2349 2354 2359 2364 2369 2374 2377 2379 2384 
#module 34 size: 125 bs: 0.263519
11 24 30 72 85 89 99 103 107 111 113 115 117 119 121 123 197 198 199 237 238 248 268 283 390 411 445 460 501 509 515 556 558 560 576 592 599 612 614 616 619 628 638 644 704 751 771 783 784 810 812 816 829 835 837 844 909 943 973 993 1028 1052 1153 1183 1256 1263 1266 1267 1272 1276 1286 1328 1337 1338 1339 1341 1355 1356 1373 1377 1381 1385 1389 1391 1393 1397 1401 1405 1407 1409 1413 1415 1417 1421 1423 1425 1442 1486 1527 1530 1540 1541 1550 1552 1563 1582 1586 1592 1596 1600 1604 1608 1695 1787 1797 1798 1910 1962 2015 2019 2032 2087 2116 2232 2372 
